0: [91, 25, 3, 67, 94, 19, 53, 76, 89]
1: [27, 53, 63, 72, 83, 76, 99, 95, 91]
2: [62, 8, 96, 32, 66, 71, 82, 5, 21, 20]
3: [15, 14, 97, 29]
4: [10, 21, 46, 30]
5: [94, 24, 69, 9, 93, 84]
6: [57, 79, 43, 17, 41, 95, 20]
7: [61, 44, 43, 38, 34, 49, 54, 27]
8: [14, 39, 64, 27, 65, 86, 3, 69, 60, 43]
9: [52, 10, 15, 87, 86, 44]
10: [1, 30, 2, 78, 11, 94, 58]
11: [61, 26, 17, 88, 15]
12: [54, 36]
13: [68, 31, 46, 57, 74, 98, 7, 63]
14: [61]
15: [31, 66, 19, 74, 11, 40, 73, 78]
16: [31, 89, 26, 71, 85, 7]
17: [39, 58, 8, 44, 95, 0]
18: [31, 72, 58, 51, 81, 9, 0, 54]
19: [22]
20: [11, 80, 10]
21: [45, 47, 28, 0, 17, 2, 48, 96, 9]
22: [8, 26, 88, 27, 94, 4, 63]
23: [39, 2, 55, 12, 93, 36, 75, 71, 43, 42]
24: [92, 65]
25: [16, 84, 75, 46, 8]
26: [83, 89]
27: [39, 14, 23, 98, 74, 12, 99, 3, 18]
28: [22, 59, 69, 68, 38, 9]
29: [17, 21, 90, 74]
30: [60, 98, 50, 51, 1, 21, 91]
31: [36, 22, 16, 89, 72, 35, 81, 19]
32: [82, 0, 11, 53, 74, 35, 72]
33: [49, 24, 42, 4, 17, 7]
34: [19, 30]
35: [67, 92, 99]
36: [92, 33, 48, 10, 77]
37: [86, 58, 29, 46, 39]
38: [0, 68, 14, 77, 40, 16, 82]
39: [12, 29, 69, 40, 95, 81]
40: [87, 0, 13, 92, 77, 78, 38]
41: [33, 2, 14, 0, 53, 51, 73, 91]
42: [8, 20, 58, 4, 73]
43: [88, 48, 33, 3, 68, 9, 67, 93, 26]
44: [3, 4, 90, 63, 28, 29]
45: [17, 42, 90, 63]
46: [3]
47: [48, 53, 88, 63, 46]
48: [72, 83, 76, 10, 75, 8, 24, 54, 27, 25]
49: [45, 79, 82, 12, 40, 92, 46, 93, 66]
50: [55, 8, 90]
51: [36, 11, 92, 73, 60]
52: [48, 77, 24, 97, 50, 29, 49, 94, 41, 18]
53: [85, 44, 0, 21, 47, 46, 76, 59]
54: [69, 59, 50, 21, 26, 66, 41]
55: [91, 84, 28, 76]
56: [13]
57: [10, 6, 25, 17, 29, 11]
58: [2, 3, 37, 84, 48, 77, 60, 54, 33]
59: [15, 32, 75, 28, 58]
60: [36]
61: [47, 99, 59, 33, 68, 27]
62: [33, 83, 36, 43]
63: [69, 93, 43, 22, 4, 61]
64: [31, 90, 38, 7, 44, 69, 71, 4]
65: [87, 18, 5]
66: [93, 22]
67: [80]
68: [11, 6, 12]
69: [28, 9, 75, 90, 88, 84, 20, 58, 97]
70: [39, 82, 10, 60, 19, 21, 92, 57, 98, 8]
71: [64, 88]
72: [76]
73: [2, 85]
74: [76, 79, 96]
75: [41, 86, 1, 12, 31, 92, 19]
76: [30, 20, 19, 35, 31, 23, 4]
77: [83, 59]
78: [91, 16, 71, 53, 98, 10, 94, 90, 52, 6]
79: [19, 2, 14]
80: [26, 7]
81: [55, 96, 88, 4, 37, 24, 72, 82]
82: [76, 99, 86]
83: [15, 4, 50, 93, 51, 39, 35, 33, 66, 29]
84: [88]
85: [81, 44, 69, 11, 45, 24, 26]
86: [1, 58, 82, 89, 27, 34]
87: [14, 16, 59, 15, 85]
88: [64, 19, 97, 95, 99]
89: [56, 80, 74, 16, 1, 42, 96]
90: [65, 19, 85, 66, 25, 58, 2]
91: [77, 14, 48]
92: [26, 89, 97]
93: [25, 19, 42, 79, 28, 64, 90, 1]
94: [73, 35, 66]
95: [97, 28, 26, 11]
96: [20, 56, 10, 36, 23, 79, 1, 18, 13]
97: [65, 13, 32, 37, 23, 50, 54, 9]
98: [12, 72, 73, 7]
99: [34, 25, 91, 66, 93, 7, 19, 28, 70, 10]
